0.43929338455200195 1.267855167388916 -8.31006145477295
0.6258394122123718 2.3899810314178467 -8.001375198364258
1.522070288658142 2.300647497177124 -7.645134449005127
1.9931108951568604 1.441943883895874 -7.630204200744629
1.385134220123291 0.7491607666015625 -8.10104751586914
0.8615419268608093 0.8963448405265808 -8.306878089904785
0.3910597860813141 1.8657177686691284 -8.252333641052246
1.0972120761871338 2.4402263164520264 -7.68686580657959
1.7876495122909546 1.015614628791809 -7.930112361907959
1.939994215965271 2.0410523414611816 -7.538122653961182
1.7267065048217773 1.4156248569488525 -7.221354961395264
1.5710711479187012 0.9661576747894287 -7.4204888343811035
1.5959699153900146 1.8913817405700684 -7.002559661865234
1.2508413791656494 2.2407383918762207 -7.010984897613525
0.5590726137161255 2.2175559997558594 -7.4116644859313965
0.09329664707183838 1.6570098400115967 -7.817381381988525
0.8452815413475037 0.7455723285675049 -7.797893047332764
0.3722359538078308 0.9283032417297363 -7.9268798828125
