-3.975740432739258 17.866981506347656 -9.362072944641113
-8.510963439941406 18.027507781982422 -17.67340660095215
-16.25921058654785 13.709264755249023 -21.046649932861328
-12.013096809387207 8.107250213623047 -17.86460304260254
-6.616267681121826 0.36850690841674805 -20.7043399810791
3.136347770690918 2.123453140258789 -15.402149200439453
6.033308982849121 11.464579582214355 -18.508350372314453
-5.865346431732178 9.318999290466309 -6.234335899353027
-3.554584264755249 1.492021083831787 -8.919997215270996
-7.92328405380249 12.589643478393555 -13.301568031311035
0.5545568466186523 20.111080169677734 -19.555538177490234
-4.379692077636719 26.72216033935547 -14.351095199584961
5.068141460418701 6.681727886199951 -9.908919334411621
4.378113269805908 15.71111011505127 -12.718128204345703
-1.6076807975769043 20.57874298095703 -1.4934682846069336
-0.6291975975036621 12.096010208129883 -1.7601189613342285
3.6083076000213623 23.27991485595703 -6.359443187713623
-5.717787742614746 32.61034393310547 -9.548744201660156
2.0154852867126465 30.130369186401367 -10.704781532287598
4.175678253173828 3.042288303375244 -23.05583953857422
-8.708179473876953 2.480192184448242 -14.883199691772461
-2.4562389850616455 2.50997257232666 -26.348386764526367
-11.241878509521484 2.7398877143859863 -24.26645278930664
-5.494899272918701 28.7721004486084 -3.263087749481201
-8.017755508422852 22.49785614013672 -6.287118911743164
