17.855531692504883 2.012521743774414 -72.28663635253906
23.648513793945312 13.472297668457031 -67.86907958984375
19.285728454589844 26.016338348388672 -69.68913269042969
7.046877384185791 29.805477142333984 -76.3001480102539
-3.099482536315918 20.843502044677734 -82.37516784667969
0.9496364593505859 5.485628128051758 -84.10283660888672
6.596127510070801 1.6719961166381836 -81.77803802490234
13.695167541503906 1.4405059814453125 -78.00630187988281
23.34658432006836 7.351199626922607 -72.19243621826172
23.1142578125 20.211851119995117 -68.92423248291016
13.37497329711914 29.439239501953125 -71.77696228027344
0.7685384750366211 26.92845344543457 -79.81138610839844
-2.615293502807617 13.481006622314453 -85.50028991699219
16.27465057373047 4.708429336547852 -62.97344970703125
20.004287719726562 19.409561157226562 -61.16825485229492
6.341268539428711 31.485769271850586 -69.2076416015625
-5.5416717529296875 23.697538375854492 -76.37313079833984
-4.120156288146973 3.8592450618743896 -77.14702606201172
3.191399097442627 1.1080888509750366 -73.42061614990234
9.624814987182617 0.8740473389625549 -65.35026550292969
19.503263473510742 11.339903831481934 -59.73770523071289
14.70340633392334 26.657154083251953 -62.98051452636719
-7.823619842529297 12.968775749206543 -79.0173568725586
6.625072002410889 4.282569885253906 -54.675350189208984
11.364904403686523 17.044677734375 -52.3010368347168
7.3801751136779785 28.77745246887207 -56.0831184387207
-1.177107810974121 30.62071990966797 -70.26295471191406
-11.584342002868652 19.632062911987305 -72.55113220214844
-9.056334495544434 4.794401168823242 -68.6634292602539
-2.8959202766418457 1.3521569967269897 -64.9966812133789
1.6047383546829224 1.6877593994140625 -59.40932846069336
11.179351806640625 10.092363357543945 -54.42942428588867
12.664755821228027 23.531753540039062 -52.69570541381836
3.024345874786377 32.259498596191406 -60.982059478759766
-10.392181396484375 26.04462242126465 -68.3108139038086
-11.718451499938965 11.758691787719727 -71.32682037353516
-3.156449556350708 33.49714279174805 -52.55903244018555
-15.45846939086914 23.479148864746094 -61.38721466064453
-14.134023666381836 6.0587687492370605 -59.94828414916992
8.04585075378418 25.558773040771484 -45.81095504760742
-17.321338653564453 14.98015022277832 -62.368743896484375
-2.8726460933685303 6.293943881988525 -38.02674102783203
1.7290453910827637 5.833445072174072 -30.850196838378906
-13.25894546508789 39.18938064575195 -44.236961364746094
-14.297341346740723 36.165245056152344 -55.64646530151367
-22.206607818603516 22.3817195892334 -54.433780670166016
-18.554052352905273 6.8057756423950195 -52.01482009887695
-10.269288063049316 3.3468987941741943 -48.164756774902344
2.9972667694091797 10.786316871643066 -41.14661407470703
6.596821308135986 13.156929969787598 -32.522308349609375
1.8797180652618408 25.912900924682617 -37.11104965209961
-6.473371505737305 34.270870208740234 -44.33345031738281
-11.31113052368164 32.71076202392578 -60.897186279296875
-22.489049911499023 11.687164306640625 -55.726505279541016
-18.171842575073242 31.318859100341797 -21.157594680786133
-18.737926483154297 38.255035400390625 -37.46780014038086
-11.154556274414062 33.65962600708008 -27.89934730529785
-26.02578353881836 23.777664184570312 -27.317943572998047
-30.918733596801758 22.381038665771484 -44.0504150390625
-21.770063400268555 9.552903175354004 -34.04425048828125
-9.289144515991211 26.097917556762695 -22.191713333129883
-24.21814727783203 10.37841796875 -45.542850494384766
-30.8576602935791 27.193296432495117 -35.98177719116211
-22.487590789794922 33.446876525878906 -48.275936126708984
-25.018802642822266 32.34962463378906 -27.518823623657227
-26.660228729248047 26.2812557220459 -49.70529556274414
-26.352676391601562 17.356555938720703 -48.123958587646484
-19.27464485168457 29.1071834564209 -55.186588287353516
-18.662643432617188 6.296481132507324 -42.631126403808594
-28.51214599609375 31.85515594482422 -42.078086853027344
-7.3458428382873535 1.672711730003357 -56.274234771728516
0.35683178901672363 4.357407569885254 -47.333045959472656
8.169469833374023 15.557427406311035 -42.39118194580078
1.4876887798309326 20.523666381835938 -28.971405029296875
-6.281106472015381 32.89332962036133 -34.406734466552734
-19.229764938354492 34.93134689331055 -30.32299041748047
-10.989391326904297 5.867709159851074 -37.77092361450195
-28.322229385375977 14.978559494018555 -38.61546325683594
-15.724618911743164 20.02313232421875 -20.469470977783203
-18.682161331176758 9.264220237731934 -26.848342895507812
-26.724578857421875 34.654361724853516 -34.856563568115234
-24.337594985961914 15.97487735748291 -29.97439193725586
-28.489933013916016 20.992080688476562 -34.24344253540039
-11.482613563537598 3.9234185218811035 -30.982192993164062
-20.05161476135254 23.49607276916504 -23.45183753967285
-4.268812656402588 27.405864715576172 -28.263500213623047
