14.72 15.70 -83.94
9.96 15.51 -74.27
0.67 16.51 -63.60
-4.53 18.92 -54.65
-9.95 19.97 -51.83
-14.81 24.36 -46.70
-19.19 25.12 -40.88
-18.45 25.09 -36.61
-14.01 23.29 -31.79
-10.46 16.37 -28.74
-7.25 13.21 -25.09
-3.38 8.86 -20.81
-3.51 7.23 -15.21
-3.59 7.53 -10.72
-0.15 9.59 -10.54
0.53 15.56 -11.61
0.92 19.32 -12.22
-1.12 23.94 -7.38
-3.37 26.13 -5.99
-9.73 25.26 -1.87
-0.58 27.82 -5.50
4.92 28.67 -3.86
4.07 23.96 -14.14
8.60 25.09 -14.46
-0.36 5.42 -2.70
-0.11 3.29 3.00
-3.32 2.00 -14.50
-1.55 -3.52 -13.90
