17.855531692504883 2.012521743774414 -72.28663635253906
23.648513793945312 13.472297668457031 -67.86907958984375
19.285728454589844 26.016338348388672 -69.68913269042969
7.046877384185791 29.805477142333984 -76.3001480102539
-3.099482536315918 20.843502044677734 -82.37516784667969
0.9496364593505859 5.485628128051758 -84.10283660888672
6.596127510070801 1.6719961166381836 -81.77803802490234
13.695167541503906 1.4405059814453125 -78.00630187988281
23.34658432006836 7.351199626922607 -72.19243621826172
23.1142578125 20.211851119995117 -68.92423248291016
13.37497329711914 29.439239501953125 -71.77696228027344
0.7685384750366211 26.92845344543457 -79.81138610839844
-2.615293502807617 13.481006622314453 -85.50028991699219
16.27465057373047 4.708429336547852 -62.97344970703125
20.004287719726562 19.409561157226562 -61.16825485229492
6.341268539428711 31.485769271850586 -69.2076416015625
-5.5416717529296875 23.697538375854492 -76.37313079833984
-4.636305809020996 4.047394752502441 -76.59689331054688
3.191399097442627 1.1080888509750366 -73.42061614990234
9.624814987182617 0.8740473389625549 -65.35026550292969
19.746906280517578 11.296379089355469 -59.975608825683594
14.70340633392334 26.657154083251953 -62.98051452636719
-7.823619842529297 12.968775749206543 -79.0173568725586
6.625072002410889 4.282569885253906 -54.675350189208984
11.364904403686523 17.044677734375 -52.3010368347168
7.3801751136779785 28.77745246887207 -56.0831184387207
-1.177107810974121 30.62071990966797 -70.26295471191406
-11.584342002868652 19.632062911987305 -72.55113220214844
-9.056334495544434 4.794401168823242 -68.6634292602539
-2.8959202766418457 1.3521569967269897 -64.9966812133789
1.6047383546829224 1.6877593994140625 -59.40932846069336
11.179351806640625 10.092363357543945 -54.42942428588867
12.542304992675781 23.300186157226562 -53.59065246582031
3.024345874786377 32.259498596191406 -60.982059478759766
-8.023505210876465 27.221084594726562 -70.46925354003906
-11.718451499938965 11.758691787719727 -71.32682037353516
